7

01001?0011?1100??0?01??00?00?0011?010??0?111001?11??101111?10??00?10010111???011?1?111??0??00100???0?10101?001?0?00?1?100000??0

200000

82 1

122 ?

68 1

98 1

59 ?

32 0

8 ?

113 ?

121 0

126 ?

87 ?

100 ?

115 ?

119 ?

103 1

111 1

68 ?

125 ?

113 0

122 0

18 ?

67 0

110 0

119 ?

107 1

117 ?

119 0

53 1

40 1

44 1

102 1

125 1

17 0

82 ?

116 0

90 ?

72 1

109 1

56 ?

113 ?

122 1

74 0

69 ?

72 0

117 ?

122 0

58 ?

113 0

121 ?

127 0

72 1

112 ?

115 ?

9 ?

96 0

98 1

51 1

1...
